scene        view train diff train +GGX novel diff novel +GGX   k_s rough
bearPNG         1       38.6       40.2       39.0       40.8  0.23  0.38
bearPNG         8       39.9       43.6       39.9       43.7  0.29  0.37
bearPNG        15       40.8       42.0       41.2       42.6  0.16  0.35
buddhaPNG       1       34.0       35.1       33.7       34.9  0.40  0.40
buddhaPNG       8       31.8       32.2       31.4       31.8  0.39  0.41
buddhaPNG      15       31.8       32.2       31.5       31.9  0.50  0.42
cowPNG          1       31.6       36.0       31.5       35.8  1.24  0.45
cowPNG          8       34.0       39.4       34.2       39.3  1.47  0.46
cowPNG         15       33.9       37.9       33.1       37.5  1.28  0.42
pot2PNG         1       43.9       47.4       43.4       47.2  0.27  0.42
pot2PNG         8       42.9       46.2       42.5       46.2  0.32  0.43
pot2PNG        15       44.4       46.4       44.0       46.1  0.28  0.44
readingPNG      1       26.2       27.3       26.3       27.3  0.34  0.31
readingPNG      8       28.1       29.4       27.5       28.7  0.26  0.33
readingPNG     15       26.4       26.7       26.5       26.7  0.20  0.34
MEAN                    35.2       37.5       35.0       37.4